10192393
10194428
10196379
10021369
100562
10078749
10085150
10090880
10090885
10190819
6859721
10071185
1323345
2828430
10471457
7574457
10466420
1676565
1776638
1577763
10767339
10208848
8533768
8531967
10915776
1302003
7811247
2352258
10364518
10449429
1939657
1409710
8554067
8244393
1384323
1307230
8088831
6524872
10441343
3346018
8188241
1317264
10083734
2760209
10323252
7795653
10827108
1975560
10737981
1679035
10802667
1338764
1999552
10818206
1684569
10724175
10556285
10077614
7106752
10480214
1682919
7202134
6337374
3718019
2963536
7586656
10426999
3678494
8281152
7316485
10677309
10709732
8551426
10699184
10417286
3393536
2215607
7523157
3162536
10631148
10861298
1353340
10200300
10408771
10636421
10429004
1380672
10594001
8441467
10618304
10369876
2575483
10607954
10602116
10470088
7769092
1282899
1301201
10557317
144081
6453040
10878391
2161209
8326491
7959767
2562820
10094552
10484981
2884570
8258524
1324223
10533068
6585184
8471773
8314592
122435
7795652
2180286
1316718
7964884
102474
2651669
10930361
10698963
8162051
10205262
7450778
10353787
7550229
1345170
10615125
10196381
8317477
10545613
1358807
8304342
7617034
6618488
1301187
1483696
10465113
8098180
1517503
8589715
7652577
10487710
3572301
10732811
7630639
7581380
8282802
10598803
1973404
1671851
10090890
3563511
10364520
7568002
1319838
10480348
1610789
10777718
8209890
7298854
10330348
10593994
2910902
2927388
1338906
8198124
2817003
10382909
10947987
3600794
1301937
3856322
8302543
23402
2989709
10976074
10797418
10915770
1968617
7909252
1322637
7490097
8116611
10571950
10802668
10484765
8071955
1361318
1352883
10502833
10930571
2055114
10364521
1384324
2404853
10406661
8071957
1338904
3362213
10484772
1357962
492335
8528199
1307253
8346255
7951315
409732
10598815
2575071
2253938
10411929
10398436
1833974
10742101
10210128
1056013
1301200
7959759
10220405
1279971
3198117
10369860
1424237
1313112
1303170
8113388
3029599
2316519
6087154
3600793
10094559
1347968
10874302
3591825
10721669
7759106
6103091
1222588
7991123
7550230
3354603
7981671
1562739
10875918
8434621
1684088
10441329
218453
8566952
8128954
10712209
8466512
1327525
2008213
10639175
1301190
3348216
7951316
10404839
10430841
10827109
7493024
10767347
1301189
8252631
7759076
1248000
2309142
8575748
6783144
1346773
318684
2544995
10923035
7696601
10528853
10083733
10842298
2835825
7422429
7795596
7962532
3377761
10798358
8589721
126380
7663517
1376553
7390473
10381492
2209091
10470286
7833921
10449794
6604602
1315306
777027
10807793
10556283
624546
1302032
10589394
7550349
8460149
10398279
3565372
6650504
8533757
10767343
133535
10051007
1978564
8370681
8259519
2703233
7767095
10554035
7481765
107868
7858169
10982189
8075631
8528200
3674116
7759075
1999339
10924409
1334370
8279472
10541953
8522307
7825586
4019732
2491010
10417279
2569949
7668252
2601691
1505982
3615198
10521293
10528860
7611277
2729274
3169738
7951327
8440142
1731805
10788334
7762560
7573040
2309698
10662807
10377440
1301161
2393028
1303277
10064668
6540752
1349199
1301146
7939630
8307570
8364574
8111379
10735274
10767326
10446987
2006152
10528243
8195156
10766245
1671881
10839544
8499920
10712201
10441573
7535801
10408776
8528200
10911990
10077651
1325652
1269174
3524231
8528198
8178825
6101415
10487695
2071157
7444053
10706858
10382910
7825578
1831007
7761412
10323740
7607677
2995231
8281142
10590055
3464560
3789016
10426139
10330430
8084618
1301938
1302022
2310692
10943845
8375105
10198641
1769645
10814710
7437512
2792129
10190331
3480530
2862466
3417303
7894493
7937795
3455778
7599636
10192399
161677
1319059
1146783
1937471
3343337
10736265
1505217
10891444
523196
8023850
1678319
10830910
10767313
7076260
3862128
2390095
3876122
1303171
8477262
10543403
7605382
10071193
8098245
10958786
2886237
10369870
2786201
10430930
10747931
10051005
7814011
8571953
7166314
1468459
1707231
7579347
1709636
10633128
10737119
10533031
492812
10519880
8187068
10802669
1346924
10987655
10213492
1717985
8104633
7717396
8571951
10732816
10447258
10861282
10746568
10888879
2563633
10557309
3032521
10612394
2450401
6086495
10830915
10556298
1361100
10724160
1733838
7479827
1577476
1981994
1201235
1351034
7191069
10472529
2912069
6902670
7545954
8198128
2220826
1311721
116187
2852474
7726234
8500791
10737980
7894491
2355960
8002973
2568588
10817650
7815415
10571943
10500204
2912886
3422216
2016095
10807385
1302008
3014348
7802009
1127526
7857677
10403837
10447259
511159
8266996
1307245
7874117
10434119
3578281
495634
8533762
1655284
10366443
10581027
8563759
8301658
7315872
8408659
2571579
3258663
7795591
2773936
7874163
3659917
2303408
2241452
6387532
7458742
2894613
2895982
10716718
1303173
2253937
2591962
10425038
10417280
8530105
8401501
313733
3012567
7543316
8004674
10790204
10932179
8240110
10441571
1673289
8566965
8101038
10802660
1897530
10078732
10577908
7055648
8162071
10364525
2037285
10712225
10072428
3346017
3347839
7790377
8012387
