10027919
10074612
10091616
10091617
1009330
10193204
10193809
10225068
10328196
10342929
10354657
10365197
10406016
10411803
10414674
10520387
10523326
10524660
10526274
10533019
10539815
10565806
10579464
10669626
10683478
10692744
10704919
10706004
10728962
10737864
10739826
10743446
10743694
10791295
1079693
10807237
10835440
10840460
1085609
10901305
10910842
11007689
11009181
11022397
11027904
11027905
11058428
11063349
11077455
11078231
11079278
11099450
11135224
11166519
11185967
11195262
11198499
11206082
11208990
11226639
11230490
11243580
11245434
11250767
11256525
11263551
11271907
11279304
11282081
11284996
11302406
1130930
11334364
11337188
11379838
11391224
1141447
11419773
11426838
11431197
11467664
1147734
11524350
11532387
11569530
11573852
11581460
11583940
11642480
11672959
11679859
11694026
11704023
11705128
11706060
11745184
11752354
11752998
11773892
11807648
11827497
11838826
11847945
11858397
11860278
11860495
11861791
11868798
11875660
11890511
11900788
11912119
11928786
11961407
11999899
12013711
12041669
12042105
12063090
12084448
12090760
12091028
12093990
12101159
12109865
12139551
12180796
12198388
12202650
12231232
12369736
12443032
12448656
12452237
12464714
12481039
12483326
12523465
12536034
12549952
1255900
12571256
12574103
12589964
12596116
12600698
12615818
12617329
12627929
12639165
12653683
12684739
12691807
12695819
12707296
12716030
12734532
12739036
12745515
12757899
12760988
12789195
12820454
12842176
12851669
12852481
1286498
12907309
12907924
12911170
12921865
1300436
133615
1355091
137340
1378968
1415380
1420741
1423339
1428568
1436384
1445986
14568327
14596845
14633084
14648024
14657095
14659530
1468485
14698717
14704468
14736955
14742097
14745746
14765563
14975762
14976857
14982270
15009014
15036754
15042318
1504402
15075188
150790
15096016
15120741
15130900
15145918
15233872
15266215
15266362
1527456
15275829
15276120
15278670
15325671
15338796
1535072
1545575
15458908
1549199
15515654
15517007
15531665
15565293
15572383
15579441
15580403
15632880
15638391
1564236
15649445
15673851
15686794
15737522
15764424
15804801
15811908
15814210
15858223
15859940
15863244
15867025
15893386
15897593
15899738
1592014
15930398
15957009
1595783
15974569
15985056
16005948
16006300
1601297
16047871
1610717
16116131
16132524
16157917
16160878
1616457
16167916
16174948
16181582
16192988
16225977
16274958
1628552
16330293
16337777
1636026
16364460
1639466
16403073
16418614
16428221
16428827
16471092
16563323
16574712
16574713
16584858
16586083
16596970
16600756
16629641
16634859
1664218
16680561
16710500
16720068
16725121
16740173
16755009
16787750
16820346
16826348
16844102
16858720
16867021
1687392
16904497
16938416
16960342
1700207
17019386
17020434
17042884
17042910
17049862
17074608
17111419
1711760
17147461
17194457
17241657
17241784
17244258
17261653
17263743
17285209
1728522
1728915
1732369
1732442
17343925
17344330
17344566
17366349
17400887
17437408
17439425
17490790
17490864
17491223
1749407
17511042
17532790
17562951
17574447
17600377
17608141
17612891
17639754
17682013
17702969
17786501
17854040
1786266
17879945
17919553
17923537
17931375
17943461
17965424
17975693
18004067
18006530
18020536
18081909
18083142
18086064
18161408
18162529
18177388
18182964
18201582
18208574
18217897
18221780
18239197
18261172
18308784
18329269
1833784
18343374
1835291
18356633
18363626
18405372
18410508
18417364
18441470
18442015
18464113
18483878
1848636
18503483
18513945
18541230
18544179
18560792
18589141
18627295
18631865
18657397
1867351
18674790
18703024
18726058
18752389
18754075
18768591
18791946
18808529
18821488
188339
18951540
1899352
18996674
18997632
19037603
19058010
19058474
19105845
19135948
19139001
1919871
19203554
19211690
19234905
19269743
19274460
1928887
19289093
19299179
19300240
19300402
19308880
19319147
19346865
19356053
19356307
19370593
19387625
19445921
19473225
19581773
19631624
19642243
19674115
1967484
19692487
1969772
19707748
19719056
19721134
19729346
19759529
19761039
19767176
19820426
19843802
1987816
19884587
19889778
19893084
19917396
19923525
1992636
19940105
19944333
19944736
19957053
19996135
20003049
2004
2004015
20042557
20067456
20080419
20080983
20084309
2008831
20098969
20103708
20164825
20195852
20196116
2021202
2024540
20304337
20331935
20394767
20466178
20470218
20477932
20510337
2051906
20520283
20528871
20533999
2054792
20552622
2055425
20558148
20588063
20619828
20621845
20633755
20635749
20667451
20683499
20698227
2070391
20705401
2071257
20722491
20727411
20735774
20880751
20882060
2096243
20973483
21294084
21418164
220563
2220369
2234245
2257294
2265898
2266990
2273650
227508
230316
2304736
2312209
2320800
2322844
2334179
2334618
2339463
2343592
234669
2355241
2375138
2396046
2422478
2425813
2435991
2440413
2445283
2466960
2476560
2484011
2505783
2515254
2522601
2528969
2533791
2549018
2557556
2559236
2564649
2569282
2572625
2576810
2578334
2594614
2598570
2611118
2632720
2670794
2673163
2696505
2709684
2716967
2722224
2750819
2790457
2802551
2819587
2826064
2840807
2870085
2886572
2893236
2894433
28952
2907585
2917114
2924746
2950248
2951327
2980315
3001299
3015327
3015567
3031535
3057041
3070035
3076126
3084782
3088349
3101906
3108839
3115150
3120485
3123611
3125768
3131282
3137399
3173179
3183120
3187073
3192036
3220106
322550
326460
3300918
3311455
3341566
3358181
3371379
33969
3409645
3411101
3412544
3413271
3425586
3431591
343678
3437726
3461217
347884
3496378
3503576
3535719
3560095
3560096
3564823
3629586
3653576
3670965
3676049
3686155
3693336
3703509
3708922
3714122
3719553
3732088
3750012
3762968
3769769
3780697
3780814
3780846
3782049
3800626
3828020
384871
3856631
3865016
3934126
3950060
3952818
3961813
3962737
3969369
3970039
3973521
3985451
3997294
4008111
4038130
4069770
4071154
4090988
424937
430165
435349
458486
4812392
48362
567256
591536
603022
6103707
6111982
6115999
6118280
6127992
6133211
6150641
6153967
6203452
6203632
6209318
6216862
6229975
625456
6286738
6292680
6293644
6308277
6308526
6323692
6381653
6386793
6387529
6402369
6415512
6433367
6436733
6454943
6466532
6496797
6503301
6504332
6518066
6534871
6538499
6540303
6615052
663266
6634932
6637851
6640832
6666578
6674249
6692345
6695415
6699841
6727060
6728084
6732043
6747681
6769133
6773726
6794356
6817363
6861444
6888657
6892185
6942642
7007443
7053303
7053705
7059267
7066357
7072798
7083920
7088431
7102237
7161250
7189975
7197363
7199841
7234705
7248170
7263204
7265370
7269015
7282516
7292072
7337133
7416947
7421734
7423039
7437994
7444978
7449470
7453952
7504976
7516729
7542793
7565311
7582165
7596955
7604176
761833
7619765
7628595
7647582
7650771
7651879
7707116
7710775
7724492
7752389
7785794
7791169
7802851
7803371
783197
7834920
7843916
7858459
7862923
7880714
7881871
7890216
7905523
7910951
7919560
7930386
7977601
7988234
8012887
803783
804391
8045270
8073369
8092427
809711
8106150
8111719
8170551
8231633
8251368
8267029
8268147
8278214
8302922
8305357
8319760
8372922
8384253
8386779
8387218
839274
8410052
8410199
84204
8421099
8423889
8424298
8437969
8441146
8473723
8475949
8480959
8492347
8494478
8514073
8546130
85485
8558192
8586822
8590259
8595686
8599504
8600333
8607407
8617710
8638206
8638876
8643966
8643973
8665051
8669433
8677458
8682684
8686832
8690168
869641
8701950
871943
873132
8739323
8741744
8742498
8752018
8766220
8800187
8829025
88336
8841157
8854309
8864707
8888541
891050
8911359
8919272
8953972
8955532
8958188
8988571
8996652
9022662
9034419
9041081
9061311
9067481
9098464
9100294
9105126
9121607
9154656
9165568
9195768
9199746
9201797
9205462
9209318
921394
9214597
9226773
9228650
9245658
9270571
9284778
9293063
9305828
9321531
9326871
9334596
9351491
9390208
9401499
9406968
9431903
9495837
950631
9514561
9522143
9522152
9523805
9523850
9545159
9549528
9564988
9579567
9587734
9625142
9630698
9636837
9653867
9669632
9672273
9672936
9721172
9727773
9746003
9754849
9758264
9766615
9799166
9812111
982002
983936
9848575
9862868
9867728
9875685
9915601
9931093
9952311
